CACHE type 5 produced by analog 6.0/Unix. Do not modify or delete!
T	0	0	7359	290	103	876	450087746
D	27065150	27077297
18795	70	1	0	0
18795	76	2	0	24
18795	78	16	3	147
18795	91	169	2	9604381
18795	92	161	2	91874
18795	93	4	0	62750
18795	99	97	1	5858083
18795	100	2	2	0
18795	101	71	2	8636914
18795	102	1	0	0
18795	116	11	1	4018998
18795	117	90	1	12454726
18795	119	40	0	442213
18795	121	49	0	587832
18795	122	106	3	1219537
18795	123	6	2	21227
18795	124	283	8	4321038
18795	125	67	0	1776944
18795	176	1	1	0
18795	198	2	1	7032
18795	226	2	1	4099
18795	241	56	2	8525273
18795	242	2	2	0
18796	18	1	1	28421
18796	69	1	1	4099
18796	108	1	1	4099
18796	116	3	0	1568503
18796	117	1	0	1687610
18796	135	2	2	0
18796	136	114	5	17042957
18796	137	108	3	11121627
18796	138	17	0	3276
18796	144	100	4	11105489
18796	145	115	5	14331247
18796	146	115	3	8650218
18796	147	202	10	28748588
18796	148	162	5	14759445
18796	149	268	12	26506038
18796	150	1	1	4472
18796	153	105	2	9287695
18796	154	204	6	25625894
18796	155	202	7	26050108
18796	157	147	4	17097797
18796	158	179	8	31062824
18796	159	221	10	13155527
18796	160	231	26	39039928
18796	161	199	4	6845754
18796	162	120	6	3570432
18796	164	20	3	16882
18796	165	2	0	19222
18796	166	46	0	419181
18796	167	28	0	37647
18796	168	2	1	8109
18796	169	3	0	10032
18796	170	26	0	3470
18796	171	37	1	230231
18796	172	59	3	286069
18796	173	23	3	29719
18796	174	15	1	1604404
18796	175	40	2	120630
18796	177	1	1	4631
18796	183	83	2	618281
18796	184	18	0	7902
18796	188	3	0	21080
18796	189	20	0	805502
18796	190	20	0	55224
18796	191	72	0	1707034
18796	192	14	3	120482
18796	193	67	0	735069
18796	194	10	0	85279
18796	195	135	2	4667451
18796	196	66	2	133979
18796	197	32	0	25614
18796	199	52	1	20659
18796	200	39	1	17698
18796	201	83	4	83045
18796	202	54	1	21667
18796	203	17	0	3407
18796	204	119	0	28122
18796	228	2	1	4688
18796	285	2	1	4712
18796	287	1	1	4688
18797	198	1	1	4697
18799	47	53	2	2581973
18799	105	53	1	2613942
18799	106	2	2	0
18799	109	50	1	2418637
18799	115	65	0	14703
18799	116	40	2	262061
18799	117	82	5	72837
18799	118	42	3	20454
18799	124	2	2	0
18799	125	86	1	1544984
18799	126	22	1	126114
18799	128	40	0	225698
18799	134	2	1	115767
18799	140	58	3	2798544
18799	159	2	2	0
18799	160	54	1	2725662
18799	253	1	1	5458
18800	5	56	2	2842658
18800	164	1	1	39704
18800	165	1	1	39488
18800	222	3	1	5506
18800	226	3	2	10916
18800	227	1	1	5458
18801	183	55	1	2762493
18801	189	1	1	5458
18801	223	54	2	2694463
18801	224	47	3	1218466
18801	225	67	2	6726873
18801	226	82	5	5564766
18801	227	47	5	180520
18801	228	45	1	476904
18801	229	29	1	262800
18801	230	105	3	2875772
18801	231	22	3	219655
18801	232	1	1	5447
18801	256	56	3	2660786
18801	257	11	0	178887
18801	259	21	0	2148151
18802	109	56	2	2712310
18802	111	23	3	2392793
18802	112	1	0	3264
18802	114	38	1	2195056
18802	136	22	3	2596480
18802	227	1	1	5447
18803	22	1	1	5447
18803	145	134	2	4507894
18803	146	184	2	4779283
18803	147	9	0	113356
18803	148	2	0	3675
18803	149	34	0	450267
18803	150	4	0	12409
18803	151	53	0	1090488
18803	152	34	0	274219
18803	153	4	4	22304
18803	158	4	0	71665
18803	168	1	1	5574
18803	184	57	3	2954579
18803	185	3	0	43068
18803	186	6	0	39922
18803	187	31	0	116270
18803	188	24	4	2332685
18803	195	1	1	5639
1	8	0	0	0	27077049	0	0	27067238	0	0	26761	/%D9%85%D8%AD%D8%B5%D9%88%D9%84%D8%A7%D8%AA/%D8%B3%D9%86%DA%AF-%D8%AF%D9%87%D8%A8%DB%8C%D8%AF-%D8%B4%D8%A7%DB%8C%D8%A7%D9%86-%DA%A9%D8%AF-B
1	54	0	0	0	27077052	0	0	27065257	0	0	36936	/css/slicknav.min.css
1	52	0	0	0	27077242	0	0	27067009	0	0	2776991	/images/slide/1013669950.jpg
1	0	0	0	6	0	0	27067192	0	0	27067117	0	/images/project/2021/b9c6e1f7eecdaa4f4429f74496d751c3IMG_6534.jpg}
1	39	0	0	0	27077052	0	0	27067221	0	0	333340	/images/product/2021/e9e1d097e056141333ab7bbf12b0aff2_MG_6720.jpg
1	1	0	0	0	27077083	0	0	27077083	0	0	89273	/images/product/2021/1d38b6ff3fc4ba2575675ffc34d91edbIMG_3706.jpg
1	1	0	0	0	27077075	0	0	27077075	0	0	102120	/images/product/2021/979ac7dc6323bdfa9ecaafe146601ebda-(14).jpg
1	1	0	0	0	27077067	0	0	27077067	0	0	206270	/images/product/2021/5fec23370e58775263819fc9db2922d6emperador.jpg
1	131	0	0	0	27077052	0	0	27065257	0	0	71390	/js/main.js
1	0	0	0	1	0	0	27065193	0	0	27065193	0	/_ignition/execute-solution
1	16	0	0	0	27077261	0	0	27067117	0	0	50032	/%D9%BE%D8%B1%D9%88%DA%98%D9%87/%D9%BE%D8%B1%D9%88%DA%98%D9%87-%D9%85%D9%85%D8%AA%D8%A7%D8%B2
1	1	0	0	0	27074597	0	0	27074597	0	0	76513	/images/product/2021/dcb89fd986dad2d900a11ab83692a353a-(4).jpg
1	0	0	0	1	0	0	27065540	0	0	27065540	0	/sitemapindex.xml
1	3	0	0	0	27067221	0	0	27067216	0	0	36570	/images/product/2021/d90bbb6aa3d813e53988698946b6198a2-de.jpg
1	17	0	0	0	27077053	0	0	27065258	0	0	2516	/js/admin/summernote-data.js
1	15	0	0	0	27067207	0	0	27067052	0	0	158052	/images/product/2021/d69db62520cb05002e1b4a9cf4603b3c%D8%AF%D9%87%D8%A8%DB%8C%D8%AF-%D8%B4%D8%A7%DB%8C%D8%A7%D9%86-.jpg
1	0	0	1	0	0	27077260	0	0	27077260	0	0	/admin/projects/11
1	4	0	0	0	27077053	0	0	27074582	0	0	398252	/images/product/2021/78cf4531e979a5f884d685c7f13daf3fIMG_0391.jpg
1	11	0	0	0	27077053	0	0	27065306	0	0	541989	/js/admin/moment-with-locales.min.js
1	0	0	2	1	0	27077261	27077262	0	27067118	27077262	0	/admin/projects/10
1	1	0	0	0	27077083	0	0	27077083	0	0	53161	/images/product/2021/515136651d13212eb1457196a2e53d1e_MG_1411.jpg
1	8	0	0	4	27067009	0	27066987	27065408	0	27066979	232	/admin/slide/action
1	1	0	0	0	27077079	0	0	27077079	0	0	83116	/images/product/2021/bae4d7cfc7c1ff12c5a12b2152bf8f5b%DA%A9%D9%84%DA%A9%D8%AA%D9%87.jpg
1	2	0	0	0	27067208	0	0	27067208	0	0	48798	/images/product/2021/b87dcaf627f48bf2fb237735dabefcb24.jpg
1	86	0	0	0	27077242	0	0	27065258	0	0	5584102	/images/project/project4.jpg
1	1	0	0	178	27067038	0	27077264	27067038	0	27065258	0	/undefined
1	84	0	0	0	27077242	0	0	27065257	0	0	3345608	/images/about-pic.jpg
1	0	0	0	1	0	0	27065551	0	0	27065551	0	/sitemap-index.xml
1	60	0	0	0	27077258	0	0	27065258	0	0	59562	/js/admin/bootstrap-switch.min.js
1	2	0	0	0	27067208	0	0	27067208	0	0	45324	/images/product/2021/29cb3447a99a1c9fab7283cf7ede491f3.jpg
1	39	0	0	0	27074587	0	0	27065258	0	0	487172	/css/admin/fonts/IRANSansWeb(FaNum).eot
1	1	0	0	0	27065790	0	0	27065790	0	0	2933	/about
1	1	0	0	0	27066928	0	0	27066928	0	0	3181	/admin/products/13/edit
1	2	0	0	0	27067206	0	0	27067204	0	0	45324	/images/product/2021/94288351ae0c29f12949419a012d937c3.jpg
1	60	0	0	0	27077258	0	0	27065258	0	0	205740	/js/admin/sweetalert.min.js
1	25	0	26	2	27077242	27077243	27067197	27065258	27065258	27067197	30145	/login
1	62	0	0	0	27077258	0	0	27065258	0	0	21060	/js/admin/sparkline-data.js
1	4	0	0	0	27077078	0	0	27067073	0	0	14339	/admin/products/16/edit
1	1	0	0	0	27077083	0	0	27077083	0	0	45350	/images/product/2021/07739b5dfb28c16793adc106fd5839c4a-(82).jpg
1	125	0	0	0	27075451	0	0	27065258	0	0	1576251	/fonts/IRANSansWeb(FaNum).eot
1	5	0	0	0	27077055	0	0	27074592	0	0	17119	/admin/products/20/edit
1	9	0	0	4	27077055	0	27077053	27067217	0	27077050	31831	/admin/products/19/edit
1	4	0	0	0	27074583	0	0	27067190	0	0	14338	/%D9%85%D8%AD%D8%B5%D9%88%D9%84%D8%A7%D8%AA/%D8%B3%D9%86%DA%AF-%DA%A9%D9%84%DA%A9%D8%AA%D9%87-%D8%A7%DB%8C%D8%AA%D8%A7%D9%84%DB%8C%D8%A7
1	57	0	0	0	27077242	0	0	27065258	0	0	12074881	/images/about-bg.png
1	5	0	0	0	27077055	0	0	27074592	0	0	16562	/admin/products/23/edit
1	9	0	0	0	27075563	0	0	27067104	0	0	23777	/%D8%B3%D9%86%DA%AF-%D8%AE%D8%A7%D8%B1%D8%AC%DB%8C/%D8%B3%D9%86%DA%AF-%DA%86%DB%8C%D9%86%DB%8C
1	101	0	0	0	27077242	0	0	27065257	0	0	69194788	/images/blog/blog2.jpg
1	1	0	0	0	27077075	0	0	27077075	0	0	220773	/images/product/2021/92db002940b10cc9c679bcf7c8d33b7f%D8%A7%D9%85%D9%BE%D8%B1%D8%A7%D8%AF%D9%88%D8%B1-%D8%AF%D8%A7%D8%B1%DA%A9-.jpg
1	0	0	1	0	0	27065262	0	0	27065262	0	0	/admin/slides/9
1	0	0	1	0	0	27065262	0	0	27065262	0	0	/admin/slides/8
1	0	0	1	0	0	27065262	0	0	27065262	0	0	/admin/slides/7
1	5	0	0	0	27077264	0	0	27066927	0	0	400905	/images/azimislice4.jpg
1	0	0	1	0	0	27066965	0	0	27066965	0	0	/admin/slides/5
1	0	0	1	0	0	27066965	0	0	27066965	0	0	/admin/slides/4
1	54	0	0	0	27077052	0	0	27065257	0	0	90882	/css/magnific-popup.css
1	0	0	1	0	0	27066965	0	0	27066965	0	0	/admin/slides/3
1	2	0	0	0	27074570	0	0	27074566	0	0	4253760	/images/product/2021/d49b8352b5b3e69b31fb818987d59bccIMG_0389.JPG
1	0	0	1	0	0	27066965	0	0	27066965	0	0	/admin/slides/2
1	0	0	1	0	0	27066965	0	0	27066965	0	0	/admin/slides/1
1	83	0	0	0	27077242	0	0	27065257	0	0	1525358	/images/stone3.jpg
1	36	0	0	0	27077258	0	0	27065258	0	0	541152	/css/admin/fonts/Simple-Line-Icons.woff2
1	1	0	0	0	27077083	0	0	27077083	0	0	66832	/images/product/2021/b7f0eeb0557465586b2e32e6cd5250d7%D9%84%D8%AA%D9%87-%D8%AA%D8%B1%DA%A9%DB%8C%D9%87-.jpg
1	82	0	0	0	27077052	0	0	27065258	0	0	2517984	/images/slide/slide1.jpg
1	14	0	0	2	27077263	0	27071108	27071109	0	27071091	50723	/%D8%B3%D9%88%D8%B1%D8%AA-%D8%B3%D9%86%DA%AF
1	18	0	0	0	27075563	0	0	27067104	0	0	49658	/%D8%B3%D9%86%DA%AF-%D8%AE%D8%A7%D8%B1%D8%AC%DB%8C/%D8%B3%D9%86%DA%AF-%D9%85%D8%B1%D9%85%D8%B1%DB%8C%D8%AA
1	128	0	0	0	27077052	0	0	27065257	0	0	1445632	/images/logo.png
1	54	0	0	0	27077052	0	0	27065257	0	0	49518	/css/owl.carousel.min.css
1	2	0	0	0	27067208	0	0	27067208	0	0	33334	/images/product/2021/72ab7d4aba87db61267d4db2ae83eede_MG_6720.jpg
1	0	0	0	1	0	0	27065410	0	0	27065410	0	/images/slide/440020224.jpg
1	2	0	0	0	27074588	0	0	27074587	0	0	222270	/images/product/2021/5c8da471c1c48258d521bbe40b05c1ee1306982323.jpg
1	35	0	0	0	27077258	0	0	27065258	0	0	73494	/css/admin/style.css
1	4	0	0	0	27077263	0	0	27074737	0	0	159360	/images/sort-stone.png
1	58	0	0	0	27067044	0	0	27065258	0	0	179498	/images/product/product1.jpg
1	60	0	0	0	27077258	0	0	27065258	0	0	375930	/js/admin/popper.js
1	1	0	0	0	27077067	0	0	27077067	0	0	3679	/%D9%85%D8%AD%D8%B5%D9%88%D9%84%D8%A7%D8%AA/%D9%84%D8%A7%DB%8C%D8%AA-%D8%A7%D9%85%D9%BE%D8%B1%D8%A7%D8%AF%D9%88%D8%B1-%D8%AA%D8%B1%DA%A9%DB%8C%D9%87
1	0	0	0	6	0	0	27067192	0	0	27067117	0	/images/project/2021/61de5b70d221cadc395fcb496590b8ddIMG_6532.jpg}
1	3	0	0	0	27077262	0	0	27067118	0	0	9550	/admin/projects/10/edit
1	1	0	0	0	27065265	0	0	27065265	0	0	51917	/images/slide/1727321998.jpg
1	5	0	0	0	27077075	0	0	27067190	0	0	17717	/%D9%85%D8%AD%D8%B5%D9%88%D9%84%D8%A7%D8%AA/%D8%B3%D9%86%DA%AF-%D8%A7%D9%85%D9%BE%D8%B1%D8%A7%D8%AF%D9%88%D8%B1-%D8%AF%D8%A7%D8%B1%DA%A9-%D8%A7%D8%B3%D9%BE%D8%A7%D9%86%DB%8C%D8%A7
1	9	0	0	0	27074568	0	0	27071190	0	0	998478	/images/product/2021/0d3ebca52b6da3ca9862ad4499c574a6301283623.jpg
1	6	0	2	0	27065424	27065415	0	27065413	27065415	0	21692	/admin/menus
1	6	0	0	0	27074577	0	0	27065193	0	0	294	/_ignition/health-check
1	1	0	0	0	27071204	0	0	27071204	0	0	2972	/%D9%BE%D8%B1%D9%88%DA%98%D9%87/sdadasdasd
1	84	0	0	0	27077052	0	0	27065257	0	0	1805760	/css/bootstrap.min.css
1	102	0	0	0	27077242	0	0	27065258	0	0	69187411	/images/project/project5.jpg
1	3	0	0	0	27077260	0	0	27071204	0	0	620280	/images/project/2021/9732ab6871fc3430c94c041b9458a419project1.jpg
1	2	0	0	0	27067208	0	0	27067208	0	0	153792	/images/product/2021/45742917ae381e952005815c99732289IMG_7203.jpg
1	131	0	0	0	27077052	0	0	27065257	0	0	55165	/js/jquery.nice-select.min.js
1	0	0	0	1	0	0	27065298	0	0	27065298	0	/admin/users
1	11	0	0	0	27077264	0	0	27066926	0	0	35719	/%D8%AF%D8%B1%D8%A8%D8%A7%D8%B1%D9%87-%D9%85%D8%A7
1	3	3	0	0	27073114	0	0	27070797	0	0	15604	/?157.245.37.203
1	2	0	0	0	27074570	0	0	27074566	0	0	3541454	/images/product/2021/fc473c7ba7a9c3d1cea3d2fe106edc59IMG_0391.JPG
1	11	0	0	0	27075563	0	0	27065181	0	0	240	/robots.txt
1	82	0	0	0	27077242	0	0	27065258	0	0	2702192	/images/callto-text-bg.jpg
1	0	0	0	1	0	0	27065262	0	0	27065262	0	/images/slide/937518255.jpg
1	17	0	0	0	27077053	0	0	27065258	0	0	1248004	/js/admin/Chart.bundle.js
1	1	0	0	0	27077055	0	0	27077055	0	0	46077	/images/product/2021/ec6b63453b36e29b5a91973a66d5d3b93.jpg
1	55	0	0	0	27077052	0	0	27065258	0	0	805653	/images/s-bg-r.png
1	26	0	0	2	27067223	0	27066987	27065258	0	27066980	86436	/admin/slides/create
1	22	0	0	0	27077242	0	0	27067084	0	0	78488	/%D9%85%D8%AD%D8%B5%D9%88%D9%84%D8%A7%D8%AA/%D8%B3%D9%86%DA%AF-%DA%86%DB%8C%D9%86%DB%8C-%D8%A7%D8%B2%D9%86%D8%A7
1	4	0	0	5	27071203	0	27071200	27065412	0	27065413	38280	/admin/project/action
1	1	0	0	0	27065411	0	0	27065411	0	0	69944	/images/slide/2141114787.jpg
1	0	0	1	0	0	27067046	0	0	27067046	0	0	/admin/products/5
1	60	0	0	0	27077258	0	0	27065258	0	0	239364	/js/admin/bootstrap.min.js
1	0	0	1	0	0	27067046	0	0	27067046	0	0	/admin/products/4
1	83	0	0	0	27077242	0	0	27065257	0	0	3362644	/images/blog/blog3.jpg
1	0	0	1	0	0	27067046	0	0	27067046	0	0	/admin/products/3
1	36	0	0	0	27077258	0	0	27065258	0	0	797400	/css/admin/fonts/MaterialIcons-Regular.woff2
1	0	0	1	0	0	27067046	0	0	27067046	0	0	/admin/products/2
1	0	0	1	0	0	27067045	0	0	27067045	0	0	/admin/products/1
1	2	0	0	0	27065415	0	0	27065415	0	0	5738	/admin/menus/create
1	11	0	0	0	27077052	0	0	27074591	0	0	506847	/images/product/2021/13b90880f637b0d75ea5cb5cc7f417c83.jpg
1	1	1	0	0	27065932	0	0	27065932	0	0	4099	/?185.198.26.51
1	36	0	0	0	27077258	0	0	27065258	0	0	632898	/css/admin/fonts/IRANSansWeb(FaNum).woff
1	54	0	0	0	27077052	0	0	27067079	0	0	761808	/images/product/2021/b4f2dc35281d7a3312a3634285252a14%DA%86%DB%8C%D9%86%DB%8C-%D8%A7%D8%B2%D9%86%D8%A7--.jpg
1	4	0	0	1	27065264	0	27065258	27065259	0	27065258	116	/admin/ajax_upload/action
1	54	0	0	0	27077052	0	0	27065257	0	0	50490	/css/nice-select.css
1	59	0	0	0	27077242	0	0	27066982	0	0	3408342	/images/slide/791832394.jpg
1	1	0	0	0	27077077	0	0	27077077	0	0	3684	/%D9%85%D8%AD%D8%B5%D9%88%D9%84%D8%A7%D8%AA/%D8%A7%D9%85%D9%BE%D8%B1%D8%A7%D8%AF%D9%88%D8%B1-%D8%AF%D8%A7%D8%B1%DA%A9
1	83	0	0	0	27077242	0	0	27065257	0	0	1081200	/images/stone4.jpg
1	4	0	0	0	27077263	0	0	27074737	0	0	7084792	/images/sort.png
1	38	0	0	0	27077258	0	0	27065306	0	0	130899	/admin/products/create
1	1	0	0	0	27065411	0	0	27065411	0	0	3125	/admin/slides/14/edit
1	60	0	0	0	27077258	0	0	27065258	0	0	426312	/js/admin/jquery.sparkline.js
1	2	0	0	0	27074590	0	0	27074588	0	0	6033	/%D9%85%D8%AD%D8%B5%D9%88%D9%84%D8%A7%D8%AA/dsdf
1	1	0	0	0	27077054	0	0	27077054	0	0	35867	/images/product/2021/721c21a35c57bf75cf2d26874866cb29_MG_6720.jpg
1	11	0	0	0	27077053	0	0	27065306	0	0	66771	/js/admin/bootstrap-material-datetimepicker.js
1	17	0	0	0	27077053	0	0	27065258	0	0	17306	/js/admin/utils.js
1	0	0	2	0	0	27065411	0	0	27065411	0	0	/admin/slides/14
1	19	0	0	0	27066963	0	0	27065258	0	0	858689	/images/slide/slide2.jpg
1	0	0	1	0	0	27065411	0	0	27065411	0	0	/admin/slides/13
1	0	0	1	0	0	27065410	0	0	27065410	0	0	/admin/slides/12
1	0	0	1	0	0	27065265	0	0	27065265	0	0	/admin/slides/11
1	0	0	1	0	0	27065265	0	0	27065265	0	0	/admin/slides/10
1	0	0	0	26	0	0	27067223	0	0	27065258	0	/css/admin/bootstrap-select.min.css
1	1	0	0	0	27067214	0	0	27067214	0	0	18285	/images/product/2021/b22529d9ca095c186bfc713c8d0122cf2-de.jpg
1	2	0	0	0	27077250	0	0	27077083	0	0	7497	/%D9%85%D8%AD%D8%B5%D9%88%D9%84%D8%A7%D8%AA/%D8%B3%D9%86%DA%AF-%D9%84%D8%AA%D9%87-%D8%AA%D8%B1%DA%A9%DB%8C%D9%87
1	0	0	0	1	0	0	27067361	0	0	27067361	0	/sitemap.xml
1	44	0	0	0	27077052	0	0	27067095	0	0	3405096	/images/product/2021/672a5d528d6745d60bfc1603456622f7%D8%A7%D9%85%D9%BE%D8%B1%D8%A7%D8%AF%D9%88%D8%B1-%D8%AF%D8%A7%D8%B1%DA%A9-.jpg
1	131	0	0	0	27077052	0	0	27065257	0	0	657437	/js/owl.carousel.min.js
1	57	0	0	0	27067044	0	0	27065258	0	0	547840	/images/product/product2.jpg
1	55	0	0	0	27077242	0	0	27066988	0	0	4163045	/images/slide/112501106.jpg
1	16	0	0	0	27077261	0	0	27066926	0	0	39470	/%D9%BE%D8%B1%D9%88%DA%98%D9%87
1	23	0	0	0	27067218	0	0	27065258	0	0	86796	/js/admin/bootstrap-select.min.js
1	59	0	0	0	27077052	0	0	27065257	0	0	540442	/css/style.css
1	4	0	0	0	27077053	0	0	27074582	0	0	201228	/images/product/2021/5b37ade92cc1608e0fb48e9cf1a4e145IMG_0389.jpg
1	1	0	0	0	27074591	0	0	27074591	0	0	46077	/images/product/2021/c64ac49aef4bd5cfdd46eaca11292a183.jpg
1	65	0	0	0	27077242	0	0	27066972	0	0	7639156	/images/slide/797477812.jpg
1	82	0	0	0	27077242	0	0	27065258	0	0	4128435	/images/project/project6.jpg
1	7	0	0	0	27067214	0	0	27067198	0	0	24585	/admin/products/15/edit
1	17	0	0	0	27077053	0	0	27065258	0	0	48450	/css/admin/summernote.css
1	1	0	0	0	27065298	0	0	27065298	0	0	3198	/admin/levelAdmins
1	7	0	0	0	27077075	0	0	27067222	0	0	24704	/admin/products/18/edit
1	1	0	0	0	27077075	0	0	27077075	0	0	70593	/images/product/2021/553fd9de7d60a1e4f3680c7e3e9de700DSC_0083.jpg
1	3	0	0	0	27065407	0	0	27065395	0	0	7146	/category
1	1	0	0	0	27077077	0	0	27077077	0	0	76513	/images/product/2021/55f7f69bcba1b4560b3e4e63728c9fada-(4).jpg
1	44	0	0	0	27077052	0	0	27067072	0	0	1247496	/images/product/2021/bf195fd0167e4c67c2c16b252c7db6bf%DA%A9%D9%84%DA%A9%D8%AA%D9%87.jpg
1	1	0	0	0	27077077	0	0	27077077	0	0	102120	/images/product/2021/6ba9630e1c4577b0cc01e66f6d81e1fda-(14).jpg
1	1	0	0	0	27077258	0	0	27077258	0	0	3513	/admin/products/28/edit
1	5	0	0	0	27065411	0	0	27065262	0	0	17792	/admin/portfos
1	40	0	0	0	27077052	0	0	27067220	0	0	365700	/images/product/2021/7b35e246baf2804099a2e589247852502-de.jpg
1	1	0	0	0	27067049	0	0	27067049	0	0	51917	/images/product/2021/7d8ca353c6bcd5d2eeae06fd9bd89b0b05.jpg
1	13	0	0	0	27077260	0	0	27067118	0	0	159470	/images/project/2021/89f64172452c0a56a2358a588215c77cIMG_6534.jpg
1	103	0	0	0	27077242	0	0	27065258	0	0	63774356	/images/project/project1.jpg
1	5	0	0	0	27077251	0	0	27077063	0	0	355	/admin/product/option
1	0	0	0	1	0	0	27065409	0	0	27065409	0	/home/bestawe1/public/images/slide/341796491.jpg
1	2	0	0	0	27067207	0	0	27067207	0	0	153792	/images/product/2021/32e2e8f14a2352d380973534c4eef10aIMG_7203.jpg
1	1	0	0	0	27065263	0	0	27065263	0	0	51917	/images/slide/789547027.jpg
1	60	0	0	0	27077258	0	0	27065258	0	0	533952	/js/admin/jquery.min.js
1	23	0	0	0	27067223	0	0	27065258	0	0	81359	/admin/slides
1	68	0	0	0	27077264	0	0	27066926	0	0	212745	/%D8%B3%D9%86%DA%AF-%D8%A7%DB%8C%D8%B1%D8%A7%D9%86%DB%8C
1	66	0	0	0	27077242	0	0	27066967	0	0	5338280	/images/slide/1150576572.jpg
1	0	0	0	3	0	0	27065262	0	0	27065261	0	/imagesslide/937518255.jpg
1	0	0	0	1	0	0	27067025	0	0	27067025	0	/product/%D8%B3%D9%86%DA%AF-%D8%AF%D9%87%D8%A8%DB%8C%D8%AF-%D8%B4%D8%A7%DB%8C%D8%A7%D9%86
1	60	0	0	0	27077258	0	0	27065258	0	0	65268	/js/admin/jquery.slimscroll.js
1	58	0	0	0	27067044	0	0	27065258	0	0	3896032	/images/product/2021/6630b923324e65bf8029f2d8a9bc653305.jpg
1	35	0	0	0	27077258	0	0	27065258	0	0	100818	/css/admin/plugins.min.css
1	19	0	0	0	27066963	0	0	27065258	0	0	797836	/images/slide/slide3.jpg
1	128	0	0	0	27077052	0	0	27065257	0	0	38720	/images/search.png
1	5	0	0	0	27077264	0	0	27066927	0	0	174790	/images/azimislice1.jpg
1	8	0	0	0	27067113	0	0	27065428	0	0	4545626	/images/project/2021/b3a6b412172b2e925b81aa575adadd50project1.jpg
1	11	0	0	0	27071204	0	0	27065412	0	0	35843	/admin/projects/create
1	37	0	0	0	27077258	0	0	27065258	0	0	2078454	/css/admin/admin.css
1	57	0	0	0	27067044	0	0	27065258	0	0	1451272	/images/product/product3.jpg
1	0	0	0	3	0	0	27065261	0	0	27065258	0	/images/slide/2021%EF%BF%BDd99f6a9b1b28cbb368190ccaa6slide6.jpg
1	3	0	0	0	27067207	0	0	27067204	0	0	33334	/images/product/2021/ea835352c5878ec5230e4c3daafa50f8_MG_6720.jpg
1	60	0	0	0	27077052	0	0	27065258	0	0	2081683	/fonts/IRANSansWeb(FaNum).woff
1	13	0	0	528	27074561	0	27077264	27065263	0	27065258	0	/fonts/fontawesome-webfont.woff2?v=4.7.0
1	83	0	0	0	27077242	0	0	27065258	0	0	10937139	/images/callto-quote-bg.jpg
1	82	0	0	0	27077242	0	0	27065258	0	0	5741359	/images/project/project7.jpg
1	2	2	0	0	27076015	0	0	27074559	0	0	10905	/?5.74.54.157
1	1	0	0	0	27077075	0	0	27077075	0	0	76513	/images/product/2021/914cc8e5f2e16cc99f4cb84038f37475a-(4).jpg
1	17	0	0	0	27077053	0	0	27065258	0	0	42330	/css/admin/inbox.min.css
1	5	0	0	0	27074571	0	0	27071190	0	0	15724	/%D9%85%D8%AD%D8%B5%D9%88%D9%84%D8%A7%D8%AA/asdasdasdsa
1	55	0	0	0	27077052	0	0	27065257	0	0	8195	/css/mattings.css
1	60	0	0	0	27077258	0	0	27065258	0	0	5616	/js/admin/theme-color.js
1	1	0	0	0	27077258	0	0	27077258	0	0	99605	/images/product/2021/6512d666c4f2abfe6bf57a44aade106c%DA%A9%D8%A7%D9%84%D8%A7%DA%A9%D8%A7%D8%AA%D8%A7-%D8%A7%DB%8C%D8%AA%D8%A7%D9%84%DB%8C%D8%A7-.jpg
1	9	0	0	0	27075437	0	0	27066927	0	0	24684	/%D8%AA%D9%85%D8%A7%D8%B3-%D8%A8%D8%A7%D9%85%D8%A7
1	21	0	0	4	27075563	0	27067103	27067104	0	27067079	64064	/%D8%B3%D9%86%DA%AF-%D8%A7%DB%8C%D8%B1%D8%A7%D9%86%DB%8C/%D8%B3%D9%86%DA%AF-%DA%86%DB%8C%D9%86%DB%8C
1	87	0	0	0	27077242	0	0	27065258	0	0	3668248	/images/project/project2.jpg
1	56	0	0	0	27077052	0	0	27065257	0	0	246512	/css/elegant-icons.css
1	1	0	0	0	27077067	0	0	27077067	0	0	64882	/images/product/2021/69754a354ceb6883a24d44627a2795f9IMG_7206.jpg
1	1	0	0	0	27074597	0	0	27074597	0	0	70593	/images/product/2021/16e632c0082a16a7b4ff40dc8e16332bDSC_0083.jpg
1	0	0	0	1	0	0	27066781	0	0	27066781	0	/wp-admin/install.php?step=1
1	11	0	0	0	27077053	0	0	27065306	0	0	7335	/js/admin/getmdl-select.js
1	25	0	0	2	27077258	0	27071189	27065429	0	27071189	346188	/admin/product/action
1	0	0	0	1	0	0	27065422	0	0	27065422	0	/admin/menus/4
1	5	0	0	0	27066928	0	0	27066005	0	0	183960	/images/product/2021/e6a5d5de4f1e1643ffce0be46e7180c1product3.jpg
1	0	0	1	0	0	27065413	0	0	27065413	0	0	/admin/menus/2
1	60	0	0	0	27077052	0	0	27065258	0	0	4654110	/fonts/fontawesome-webfont.woff?v=4.7.0
1	19	0	0	0	27066963	0	0	27065258	0	0	1485838	/images/slide/slide4.jpg
1	60	0	0	0	27077258	0	0	27065258	0	0	106326	/js/admin/app.js
1	0	0	0	4	0	0	27074561	0	0	27074561	0	/panel
1	5	0	0	0	27065428	0	0	27065384	0	0	11436	/project
1	60	0	0	0	27077258	0	0	27065258	0	0	82368	/js/admin/layout.js
1	1	0	0	0	27067117	0	0	27067117	0	0	45363	/images/project/2021/8039c493969b04c597c3e2feb3aaa1d3IMG_6529.jpg
1	19	0	0	1	27075563	0	27067052	27067104	0	27067052	60915	/%D8%B3%D9%86%DA%AF-%D8%A7%DB%8C%D8%B1%D8%A7%D9%86%DB%8C/%D8%B3%D9%86%DA%AF-%D9%85%D8%B1%D9%85%D8%B1%DB%8C%D8%AA
1	0	0	1	0	0	27067113	0	0	27067113	0	0	/admin/projects/9
1	37	0	0	0	27077258	0	0	27065258	0	0	45400	/css/admin/formlayout.css
1	60	0	0	0	27077258	0	0	27065258	0	0	1894830	/images/admin/dp.jpg
1	5	0	0	0	27077264	0	0	27066927	0	0	164620	/images/azimislice2.jpg
1	131	0	0	0	27077052	0	0	27065257	0	0	843110	/js/bootstrap.min.js
1	2	0	0	0	27074583	0	0	27074575	0	0	104694	/images/product/2021/fc95afcc858d35758cff9f7672e1e069IMG_5878.JPG
1	0	0	1	0	0	27067113	0	0	27067113	0	0	/admin/projects/5
1	0	0	1	0	0	27067113	0	0	27067113	0	0	/admin/projects/4
1	0	0	1	0	0	27067113	0	0	27067113	0	0	/admin/projects/3
1	1	0	0	0	27067210	0	0	27067210	0	0	33939	/images/product/2021/40dc7ed2d4fe872b645be15d0c04ca79a-(60).jpg
1	0	0	1	0	0	27067113	0	0	27067113	0	0	/admin/projects/2
1	0	0	1	0	0	27067113	0	0	27067113	0	0	/admin/projects/1
1	60	0	0	0	27077258	0	0	27065258	0	0	438165	/images/admin/logo-min.png
1	57	0	0	0	27067044	0	0	27065258	0	0	877040	/images/product/product4.jpg
1	11	0	0	1	27077084	0	27074577	27074562	0	27074577	39189	/admin/products/17/edit
1	76	0	0	0	27077052	0	0	27065150	0	0	0	/favicon.ico
1	82	0	0	0	27077242	0	0	27065257	0	0	448350	/images/stone1.jpg
1	0	0	0	6	0	0	27067192	0	0	27067117	0	/images/project/2021/06e86324d761bd00dbde56895d5adb32IMG_6531.jpg}
1	24	0	0	1	27077243	0	27067196	27065258	0	27067196	85061	/admin/panel
1	20	0	0	0	27077053	0	0	27065258	0	0	451100	/css/app.css
1	0	0	1	0	0	27065298	0	0	27065298	0	0	/logout
1	60	0	0	0	27077258	0	0	27065258	0	0	55422	/js/admin/jquery.blockui.min.js
1	26	0	0	0	27077258	0	0	27065306	0	0	13062	/css/admin/bootstrap-material-datetimepicker.css
1	0	0	0	4	0	0	27065262	0	0	27065258	0	/images/slide/2021/f2db77d99f6a9b1b28cbb368190ccaa6slide6.jpg
1	2	0	0	0	27067208	0	0	27067208	0	0	50492	/images/product/2021/f6b4527c3cd502d5298ad6f7b9bbd205_MG_0229.jpg
1	36	0	0	0	27077258	0	0	27065258	0	0	1199232	/css/admin/fonts/fontawesome-webfont.woff2
1	3	0	0	0	27067207	0	0	27067204	0	0	36570	/images/product/2021/4f2b1ab24fb9e968db36e5f2a21f73df2-de.jpg
1	15	0	0	0	27077261	0	0	27065412	0	0	50582	/admin/projects
1	11	0	0	0	27077053	0	0	27065306	0	0	3204	/js/admin/datetimepicker.js
1	2	0	0	0	27074583	0	0	27074575	0	0	105136	/images/product/2021/2a4459c52ee2fb7750b70a9f6e4ea243IMG_5880.JPG
1	0	0	0	1	0	0	27065262	0	0	27065262	0	/image/sslide/937518255.jpg
1	2	0	0	0	27067207	0	0	27067207	0	0	50492	/images/product/2021/1750d25b162149ad846b065e93ec89b0_MG_0229.jpg
1	1	0	0	0	27077077	0	0	27077077	0	0	220773	/images/product/2021/2287c59c93dbbdda43966e0cc95aa017%D8%A7%D9%85%D9%BE%D8%B1%D8%A7%D8%AF%D9%88%D8%B1-%D8%AF%D8%A7%D8%B1%DA%A9-.jpg
1	17	0	0	0	27077053	0	0	27065258	0	0	832048	/js/admin/summernote.js
1	87	0	0	0	27077242	0	0	27065258	0	0	10739620	/images/project/project3.jpg
1	2	0	0	0	27067206	0	0	27067204	0	0	48798	/images/product/2021/cea199b4e178c2050ddb626b8a61fb984.jpg
1	284	284	0	43	27077297	0	27065257	27065192	0	27065110	1156543	/
1	131	0	0	0	27077052	0	0	27065257	0	0	258302	/js/jquery.slicknav.js
1	1	0	0	0	27077111	0	0	27077111	0	0	58866	/images/product/2021/2e8a06946295b5d603bb9a324687af9d%DA%86%DB%8C%D9%86%DB%8C-%D8%A7%D8%B2%D9%86%D8%A7--.jpg
1	1	0	0	0	27077259	0	0	27077259	0	0	560	/admin/products/28
1	33	0	0	0	27077054	0	0	27067053	0	0	117206	/%D9%85%D8%AD%D8%B5%D9%88%D9%84%D8%A7%D8%AA/%D8%B3%D9%86%DA%AF-%D8%AF%D9%87%D8%A8%DB%8C%D8%AF-%D8%B4%D8%A7%DB%8C%D8%A7%D9%86
1	0	0	1	0	0	27074592	0	0	27074592	0	0	/admin/products/24
1	0	0	5	0	0	27077055	0	0	27074592	0	0	/admin/products/23
1	0	0	1	0	0	27074589	0	0	27074589	0	0	/admin/products/22
1	0	0	1	0	0	27074571	0	0	27074571	0	0	/admin/products/21
1	0	0	4	0	0	27077055	0	0	27077049	0	0	/admin/products/20
1	2	0	8	0	27077053	27077055	0	27077051	27067217	0	0	/admin/products/19
1	0	0	0	7	0	0	27067192	0	0	27066926	0	/}
1	0	0	6	1	0	27077077	27077074	0	27067222	27077074	0	/admin/products/18
1	0	0	7	0	0	27077111	0	0	27074566	0	0	/admin/products/17
1	0	0	3	0	0	27077078	0	0	27067073	0	0	/admin/products/16
1	0	0	6	0	0	27067215	0	0	27067198	0	0	/admin/products/15
1	0	0	1	0	0	27067049	0	0	27067049	0	0	/admin/products/14
1	0	0	1	0	0	27066928	0	0	27066928	0	0	/admin/products/13
1	1	0	0	0	27077055	0	0	27077055	0	0	38307	/images/product/2021/d65cb4d306345a1d922fe4e5db8ef6372-de.jpg
1	0	0	1	0	0	27067046	0	0	27067046	0	0	/admin/products/11
1	1	0	0	0	27067237	0	0	27067237	0	0	2971	/%D8%B3%D9%86%DA%AF-%D8%A7%DB%8C%D8%B1%D8%A7%D9%86%DB%8C?151.106.10.36
1	18	0	0	0	27066963	0	0	27065258	0	0	949212	/images/slide/slide5.jpg
1	60	0	0	0	27077258	0	0	27065258	0	0	202284	/js/admin/material.min.js
1	101	0	0	0	27077242	0	0	27065257	0	0	65277985	/images/blog/blog1.jpg
1	0	0	0	2	0	0	27067625	0	0	27067625	0	/wp-login.php
1	5	0	0	0	27077264	0	0	27066927	0	0	371225	/images/azimislice3.jpg
1	20	0	0	0	27077053	0	0	27065258	0	0	6719616	/js/app.js
1	1	0	0	0	27077067	0	0	27077067	0	0	156821	/images/product/2021/ce4ddd6e502eb48470b49e6901613d06_MG_1462.jpg
1	0	0	0	3	0	0	27065262	0	0	27065261	0	/home/bestawe1/public/images/slide/815649573.jpg
1	2	0	0	0	27067208	0	0	27067208	0	0	36570	/images/product/2021/37917e048ff12040c896fd51a60e41912-de.jpg
1	91	0	0	7	27077258	0	27077242	27065305	0	27065306	425376	/admin/products
1	0	0	0	1	0	0	27066923	0	0	27066923	0	/product/%D8%B3%D9%86%DA%AF-%DA%A9%D8%A7%D9%BE%D9%88%DA%86%DB%8C%D9%86%D9%88-%D8%AA%D8%B1%DA%A9%DB%8C%D9%87
1	57	0	0	0	27067044	0	0	27065258	0	0	692714	/images/product/product5.jpg
1	131	0	0	0	27077052	0	0	27065257	0	0	1750235	/js/jquery-3.3.1.min.js
1	1	0	0	0	27066926	0	0	27066926	0	0	3180	/%D9%BE%D8%B1%D9%88%DA%98%D9%87/ewrewrwr
1	1	0	0	0	27077077	0	0	27077077	0	0	70593	/images/product/2021/9a88250e24aa64004a65f57adc16814eDSC_0083.jpg
1	55	0	0	0	27077242	0	0	27065258	0	0	1380552	/images/service-bg.png
1	83	0	0	0	27077242	0	0	27065257	0	0	2166704	/images/stone2.jpg
1	131	0	0	0	27077052	0	0	27065257	0	0	415714	/js/jquery.magnific-popup.min.js
1	55	0	0	0	27077052	0	0	27065257	0	0	366410	/css/font-awesome.min.css
1	0	0	0	6	0	0	27065261	0	0	27065259	0	/home/bestawe1/public/imagesslide/815649573.jpg
1	38	0	0	0	27077258	0	0	27066926	0	0	108302	/%D8%B3%D9%86%DA%AF-%D8%AE%D8%A7%D8%B1%D8%AC%DB%8C
1	1	0	0	0	27065411	0	0	27065411	0	0	69944	/images/slide/2021/2e92e505bbb0514e2c341386a40e97d6slide1.jpg
3	5	0	0	2	27077251	0	27077250	27077083	0	27077083	194421	https://bestaweb.ir/%D9%85%D8%AD%D8%B5%D9%88%D9%84%D8%A7%D8%AA/%D8%B3%D9%86%DA%AF-%D9%84%D8%AA%D9%87-%D8%AA%D8%B1%DA%A9%DB%8C%D9%87
3	5	0	5	0	27077055	27077055	0	27074592	27074592	0	25252	https://bestaweb.ir/admin/products/23/edit
3	7	0	4	5	27065411	27065411	27065410	27065262	27065262	27065262	139590	https://bestaweb.ir/admin/portfos
3	1	0	1	0	27065411	27065411	0	27065411	27065411	0	3672	https://bestaweb.ir/admin/slides/14/edit
3	4	0	2	0	27065424	27065415	0	27065415	27065415	0	14582	https://bestaweb.ir/admin/menus/create
3	18	4	0	1	27075437	0	27074599	27066927	0	27074599	31621	https://bestaweb.ir/%D8%AA%D9%85%D8%A7%D8%B3-%D8%A8%D8%A7%D9%85%D8%A7
3	71	0	0	0	27074587	0	0	27065258	0	0	1720215	https://bestaweb.ir/css/admin/admin.css
3	0	0	0	8	0	0	27065194	0	0	27065181	0	https://linux20.centraldnserver.com:2083/
3	9	0	0	5	27075563	0	27074576	27067104	0	27067159	26208	https://bestaweb.ir/%D8%B3%D9%86%DA%AF-%D8%AE%D8%A7%D8%B1%D8%AC%DB%8C/%D8%B3%D9%86%DA%AF-%DA%86%DB%8C%D9%86%DB%8C
3	1	1	1	0	27065298	27065298	0	27065298	27065298	0	4102	https://bestaweb.ir/admin/levelAdmins
3	307	12	0	28	27077264	0	27077264	27066926	0	27067053	1657695	https://bestaweb.ir/%D8%B3%D9%86%DA%AF-%D8%A7%DB%8C%D8%B1%D8%A7%D9%86%DB%8C
3	29	3	0	13	27075564	0	27074598	27067104	0	27067159	55678	https://bestaweb.ir/%D8%B3%D9%86%DA%AF-%D8%AE%D8%A7%D8%B1%D8%AC%DB%8C/%D8%B3%D9%86%DA%AF-%D9%85%D8%B1%D9%85%D8%B1%DB%8C%D8%AA
3	3	0	0	1	27077069	0	27077067	27077067	0	27077067	224763	https://bestaweb.ir/%D9%85%D8%AD%D8%B5%D9%88%D9%84%D8%A7%D8%AA/%D9%84%D8%A7%DB%8C%D8%AA-%D8%A7%D9%85%D9%BE%D8%B1%D8%A7%D8%AF%D9%88%D8%B1-%D8%AA%D8%B1%DA%A9%DB%8C%D9%87
3	60	0	7	0	27077111	27077111	0	27074562	27074566	0	188831	https://bestaweb.ir/admin/products/17/edit
3	4	1	0	0	27074571	0	0	27071204	0	0	81197	https://bestaweb.ir/%D9%85%D8%AD%D8%B5%D9%88%D9%84%D8%A7%D8%AA/asdasdasdsa
3	119	12	0	9	27077242	0	27077242	27067084	0	27067084	8899448	https://bestaweb.ir/%D9%85%D8%AD%D8%B5%D9%88%D9%84%D8%A7%D8%AA/%D8%B3%D9%86%DA%AF-%DA%86%DB%8C%D9%86%DB%8C-%D8%A7%D8%B2%D9%86%D8%A7
3	1	1	0	0	27073136	0	0	27073136	0	0	5458	http://bestaweb.ir/
3	32	2	0	5	27077261	0	27077261	27066926	0	27067117	2122473	https://bestaweb.ir/%D9%BE%D8%B1%D9%88%DA%98%D9%87
3	40	6	1	1	27065426	27065413	27065422	27065413	27065413	27065422	37010	https://bestaweb.ir/admin/menus
3	65	0	0	2	27077049	0	27077049	27067239	0	27074573	203748	https://bestaweb.ir/%D9%85%D8%AD%D8%B5%D9%88%D9%84%D8%A7%D8%AA/%D8%B3%D9%86%DA%AF-%D8%AF%D9%87%D8%A8%DB%8C%D8%AF-%D8%B4%D8%A7%DB%8C%D8%A7%D9%86-%DA%A9%D8%AF-B
3	39	7	0	0	27065424	0	0	27065397	0	0	390252	https://bestaweb.ir/category
3	9	1	0	4	27077077	0	27077075	27067191	0	27067222	410220	https://bestaweb.ir/%D9%85%D8%AD%D8%B5%D9%88%D9%84%D8%A7%D8%AA/%D8%B3%D9%86%DA%AF-%D8%A7%D9%85%D9%BE%D8%B1%D8%A7%D8%AF%D9%88%D8%B1-%D8%AF%D8%A7%D8%B1%DA%A9-%D8%A7%D8%B3%D9%BE%D8%A7%D9%86%DB%8C%D8%A7
3	95	4	0	30	27077263	0	27077261	27067118	0	27067117	27211	https://bestaweb.ir/%D9%BE%D8%B1%D9%88%DA%98%D9%87/%D9%BE%D8%B1%D9%88%DA%98%D9%87-%D9%85%D9%85%D8%AA%D8%A7%D8%B2
3	79	1	0	25	27077260	0	27077258	27066926	0	27067071	1016736	https://bestaweb.ir/%D8%B3%D9%86%DA%AF-%D8%AE%D8%A7%D8%B1%D8%AC%DB%8C
3	271	0	0	0	27075451	0	0	27065258	0	0	12168964	https://bestaweb.ir/css/style.css
3	14	0	5	0	27067214	27067214	0	27067198	27067198	0	105411	https://bestaweb.ir/admin/products/15/edit
3	50	0	0	300	27075428	0	27075564	27065258	0	27065258	2847840	https://bestaweb.ir/css/font-awesome.min.css
3	103	8	0	24	27077055	0	27077054	27067053	0	27067053	1478613	https://bestaweb.ir/%D9%85%D8%AD%D8%B5%D9%88%D9%84%D8%A7%D8%AA/%D8%B3%D9%86%DA%AF-%D8%AF%D9%87%D8%A8%DB%8C%D8%AF-%D8%B4%D8%A7%DB%8C%D8%A7%D9%86
3	41	0	9	4	27067223	27066965	27065262	27065258	27065262	27065258	921606	https://bestaweb.ir/admin/slides
3	1	0	0	0	27065298	0	0	27065298	0	0	0	https://bestaweb.ir/admin/users
3	6	0	5	1	27077076	27077075	27077074	27067222	27067222	27077074	30573	https://bestaweb.ir/admin/products/18/edit
3	1	0	0	1	27066926	0	27066926	27066926	0	27066926	2410	https://bestaweb.ir/%D9%BE%D8%B1%D9%88%DA%98%D9%87/ewrewrwr
3	1	1	0	0	27071230	0	0	27071230	0	0	4825	https://bestaweb.ir/%D9%BE%D8%B1%D9%88%DA%98%D9%87/sdadasdasd
3	120	0	13	3	27077260	27077077	27077053	27065305	27066928	27074577	1429201	https://bestaweb.ir/admin/products
3	477	0	0	1	27077243	0	27065298	27065258	0	27065298	10397692	https://bestaweb.ir/admin/panel
3	0	0	0	2	0	0	27067625	0	0	27067625	0	http://bestaweb.ir/wp-login.php
3	302	0	0	32	27067218	0	27074561	27065258	0	27065258	465161	https://bestaweb.ir/admin/slides/create
3	130	0	0	5	27071204	0	27071200	27065412	0	27065413	413625	https://bestaweb.ir/admin/projects/create
3	1	1	0	0	27066332	0	0	27066332	0	0	28421	https://freevpn.space/web-proxy/bestaweb.ir
3	7	0	0	0	27066928	0	0	27066928	0	0	75788	https://bestaweb.ir/admin/products/13/edit
3	2	2	0	1	27074590	0	27074588	27074589	0	27074588	10842	https://bestaweb.ir/%D9%85%D8%AD%D8%B5%D9%88%D9%84%D8%A7%D8%AA/dsdf
3	1	0	0	0	27077259	0	0	27077259	0	0	560	https://bestaweb.ir/admin/products/28/edit
3	33	0	7	1	27077262	27077260	27067185	27065412	27067113	27067185	2123173	https://bestaweb.ir/admin/projects
3	8	2	0	2	27074584	0	27074577	27067190	0	27074575	227672	https://bestaweb.ir/%D9%85%D8%AD%D8%B5%D9%88%D9%84%D8%A7%D8%AA/%D8%B3%D9%86%DA%AF-%DA%A9%D9%84%DA%A9%D8%AA%D9%87-%D8%A7%DB%8C%D8%AA%D8%A7%D9%84%DB%8C%D8%A7
3	30	4	0	2	27077264	0	27077264	27066927	0	27074574	1151677	https://bestaweb.ir/%D8%AF%D8%B1%D8%A8%D8%A7%D8%B1%D9%87-%D9%85%D8%A7
3	3694	3	0	262	27077264	0	27077264	27065150	0	27065193	370672442	https://bestaweb.ir/
3	2	0	2	1	27077261	27077261	27077262	27067118	27067118	27077262	6614	https://bestaweb.ir/admin/projects/10/edit
3	436	0	0	4	27077258	0	27071189	27065306	0	27065306	522750	https://bestaweb.ir/admin/products/create
3	49	0	0	0	27065428	0	0	27065385	0	0	5388834	https://bestaweb.ir/project
3	7	0	3	0	27077079	27077078	0	27067073	27067073	0	83292	https://bestaweb.ir/admin/products/16/edit
3	62	4	0	3	27077264	0	27077263	27071109	0	27074574	8187622	https://bestaweb.ir/%D8%B3%D9%88%D8%B1%D8%AA-%D8%B3%D9%86%DA%AF
3	64	2	0	13	27075563	0	27074582	27067103	0	27067105	691561	https://bestaweb.ir/%D8%B3%D9%86%DA%AF-%D8%A7%DB%8C%D8%B1%D8%A7%D9%86%DB%8C/%D8%B3%D9%86%DA%AF-%DA%86%DB%8C%D9%86%DB%8C
3	4	0	4	0	27077055	27077055	0	27077049	27077049	0	20211	https://bestaweb.ir/admin/products/20/edit
3	30	0	8	0	27077055	27077055	0	27067217	27067217	0	259609	https://bestaweb.ir/admin/products/19/edit
3	24	1	0	15	27075563	0	27074594	27067104	0	27067159	485143	https://bestaweb.ir/%D8%B3%D9%86%DA%AF-%D8%A7%DB%8C%D8%B1%D8%A7%D9%86%DB%8C/%D8%B3%D9%86%DA%AF-%D9%85%D8%B1%D9%85%D8%B1%DB%8C%D8%AA
3	4	0	0	1	27077078	0	27077077	27077077	0	27077077	252275	https://bestaweb.ir/%D9%85%D8%AD%D8%B5%D9%88%D9%84%D8%A7%D8%AA/%D8%A7%D9%85%D9%BE%D8%B1%D8%A7%D8%AF%D9%88%D8%B1-%D8%AF%D8%A7%D8%B1%DA%A9
3	63	0	21	3	27077243	27077243	27067197	27065258	27065258	27067196	7242289	https://bestaweb.ir/login
4	11	0	0	9	27065194	0	27065194	27065181	0	27065181	122	Mozilla/5.0 (Windows NT 10.0; Win64; x64) AppleWebKit/537.36 (KHTML, like Gecko) Chrome/91.0.4472.101 Safari/537.36 Edg/91.0.864.48
4	2	1	0	0	27065790	0	0	27065790	0	0	7032	Mozilla/5.0 (Macintosh; Intel Mac OS X 10.12; rv:50.0) Gecko/20100101 Firefox/50.0
4	2	1	0	0	27067666	0	0	27067666	0	0	4712	Mozilla/5.0 (Windows NT 10.0; Win64; x64) AppleWebKit/537.36 (KHTML, like Gecko; compatible; BW/1.1; bit.ly/2W6Px8S) Chrome/84.0.4147.105 Safari/537.36
4	2	2	0	0	27067676	0	0	27066782	0	0	8787	Mozilla/5.0 (Windows NT 10.0; WOW64) AppleWebKit/537.36 (KHTML, like Gecko) Chrome/83.0.4103.106 Safari/537.36
4	1	1	0	0	27076432	0	0	27076432	0	0	5447	Mozilla/5.0 (Windows NT 10.0; Win64; x64) AppleWebKit/537.36 (KHTML, like Gecko) Chrome/91.0.4472.77 Safari/537.36
4	4644	144	24	461	27075451	27074572	27075451	27065150	27065258	27065150	247034671	Mozilla/5.0 (Windows NT 10.0; Win64; x64; rv:89.0) Gecko/20100101 Firefox/89.0
4	3	1	0	0	27073114	0	0	27073114	0	0	5506	Mozilla/5.0 (compatible; YandexBot/3.0; +http://yandex.com/bots)
4	1	1	0	0	27066984	0	0	27066984	0	0	4358	WhatsApp/2.2119.6 N
4	53	2	0	4	27070797	0	27070797	27070797	0	27070797	2581973	Mozilla/5.0 (iPhone; CPU iPhone OS 14_4_2 like Mac OS X) AppleWebKit/605.1.15 (KHTML, like Gecko) Version/14.0.3 Mobile/15E148 Safari/604.1
4	56	1	0	4	27074594	0	27074594	27074594	0	27074594	2701155	Mozilla/5.0 (Windows NT 10.0; Win64; x64) AppleWebKit/537.36 (KHTML, like Gecko) Chrome/91.0.4472.77 Safari/537.36 Edg/91.0.864.41
4	58	3	0	7	27075427	0	27075427	27074356	0	27074356	2819475	Mozilla/5.0 (Windows NT 10.0; Win64; x64) AppleWebKit/537.36 (KHTML, like Gecko) Chrome/91.0.4472.106 Safari/537.36
4	0	0	0	1	0	0	27066781	0	0	27066781	0	Apache/2.4.34 (Ubuntu) OpenSSL/1.1.1 (internal dummy connection)
4	1	1	0	0	27066588	0	0	27066588	0	0	4099	Mozilla/4.0 (compatible; MSIE 6.0; Windows NT 5.1; SV1)
4	2343	85	79	357	27077264	27077261	27077264	27066963	27066964	27066963	177494091	Mozilla/5.0 (Macintosh; Intel Mac OS X 10_13_6) AppleWebKit/605.1.15 (KHTML, like Gecko) Version/13.1.2 Safari/605.1.15
4	2	1	0	3	27077297	0	27067361	27067228	0	27065540	5663	Mozilla/5.0 (X11; Linux x86_64) AppleWebKit/537.36 (KHTML, like Gecko) Chrome/87.0.4280.88 Safari/537.36
4	1	1	0	0	27068670	0	0	27068670	0	0	4697	Mozilla/5.0 (Macintosh; Intel Mac OS X 10_9_2)
4	12	8	0	0	27076015	0	0	27065932	0	0	41498	Mozilla/5.0 (X11; Linux x86_64) AppleWebKit/537.36 (KHTML, like Gecko) Chrome/83.0.4103.97 Safari/537.36
4	1	1	0	0	27066332	0	0	27066332	0	0	28421	Mozilla/5.0 (Windows NT 10.0; rv:68.0) Gecko/20100101 Firefox/68.0
4	4	0	0	0	27066825	0	0	27066823	0	0	3256113	Mozilla/5.0 (Windows NT 10.0; Win64; x64) AppleWebKit/537.36 (KHTML, like Gecko) Chrome/89.0.4389.90 Safari/537.36
4	2	2	0	0	27072825	0	0	27072824	0	0	79192	Mozilla/5.0 (Macintosh; Intel Mac OS X 10_10_5) AppleWebKit/537.36 (KHTML, like Gecko) Chrome/52.0.2743.116 Safari/537.36
4	76	4	0	12	27075564	0	27075564	27067012	0	27067012	11124740	Mozilla/5.0 (Macintosh; Intel Mac OS X 10_13_6) AppleWebKit/537.36 (KHTML, like Gecko) Chrome/91.0.4472.106 Safari/537.36
4	1	1	0	0	27071825	0	0	27071825	0	0	5458	Mozilla/5.0 (Windows NT 5.1) AppleWebKit/537.36 (KHTML, like Gecko) Chrome/35.0.2117.157 Safari/537.36
4	4	4	0	0	27077086	0	0	27077086	0	0	22304	Mozilla/5.0 (Windows NT 6.3; WOW64; Trident/7.0; rv:11.0) like Gecko
4	0	0	0	2	0	0	27067625	0	0	27067625	0	Mozilla/5.0 (X11; Ubuntu; Linux x86_64; rv:62.0) Gecko/20100101 Firefox/62.0
4	1	1	0	0	27077161	0	0	27077161	0	0	5574	Mozilla/5.0 (Windows NT 10.0; Win64; x64) AppleWebKit/537.36 (KHTML, like Gecko) Chrome/79.0.3945.130 Safari/537.36
4	56	2	0	4	27072027	0	27072027	27072027	0	27072027	2842658	Mozilla/5.0 (iPhone; CPU iPhone OS 14_3 like Mac OS X) AppleWebKit/605.1.15 (KHTML, like Gecko) Version/14.0.2 Mobile/15E148 Safari/604.1
5	1	1	0	0	27077161	0	0	27077161	0	0	5574	154.51.131.142
5	8	3	0	23	27065193	0	27065193	27065150	0	27065150	49	151.242.245.135
5	1	1	0	0	27071825	0	0	27071825	0	0	5458	95.179.187.27
5	454	4	20	43	27077084	27077078	27077083	27077047	27077048	27077048	11231591	5.211.211.118
5	1	1	0	0	27066332	0	0	27066332	0	0	28421	45.140.170.187
5	0	0	0	1	0	0	27065540	0	0	27065540	0	185.198.26.51
5	1	0	0	0	27073134	0	0	27073134	0	0	0	35.167.109.193
5	21	21	0	6	27074721	0	27065257	27065301	0	27065110	0	5.144.128.66
5	1	1	0	0	27067676	0	0	27067676	0	0	4688	14.41.73.150
5	61	2	0	2	27065309	0	27065309	27065305	0	27065309	8521244	142.44.147.104
5	0	0	0	1	0	0	27066781	0	0	27066781	0	78.46.210.120
5	1	1	0	0	27067383	0	0	27067383	0	0	4688	35.160.154.228
5	1	1	0	0	27073133	0	0	27073133	0	0	5458	34.222.102.63
5	1	1	0	0	27074594	0	0	27074594	0	0	5443	34.214.39.248
5	1	1	0	0	27077086	0	0	27077086	0	0	5580	150.249.214.254
5	592	17	1	86	27071361	27071187	27071361	27071089	27071187	27071089	12939403	5.74.104.226
5	1	1	0	0	27077086	0	0	27077086	0	0	5572	150.249.214.253
5	1	0	0	0	27067384	0	0	27067384	0	0	0	34.215.252.66
5	1	1	0	0	27077086	0	0	27077086	0	0	5572	150.249.214.249
5	4	0	0	0	27066825	0	0	27066823	0	0	3256113	1.2.229.181
5	1	1	0	0	27066588	0	0	27066588	0	0	4099	212.90.39.68
5	1	1	0	0	27077086	0	0	27077086	0	0	5580	39.111.208.132
5	1	1	0	0	27074602	0	0	27074602	0	0	5447	18.237.5.67
5	1	0	0	0	27074597	0	0	27074597	0	0	0	52.12.75.135
5	0	0	0	2	0	0	27067625	0	0	27067625	0	157.245.37.203
5	4	0	1	2	27077111	27077111	27077111	27077111	27077111	27077111	71665	46.51.86.35
5	1	1	0	0	27076432	0	0	27076432	0	0	5447	144.126.139.247
5	22	3	0	10	27075564	0	27075564	27075563	0	27075563	2596480	5.212.138.51
5	1	1	0	6	27065680	0	27065195	27065680	0	27065163	0	23.236.155.18
5	5001	161	54	428	27067264	27067223	27067264	27065257	27065258	27065258	352810813	5.74.28.45
5	121	7	3	30	27077264	27077261	27077264	27077242	27077243	27077242	5486524	91.251.92.113
5	1	1	0	0	27073136	0	0	27073136	0	0	5458	54.202.57.117
5	2	1	0	0	27067666	0	0	27067666	0	0	4712	3.135.192.78
5	1	1	0	0	27073133	0	0	27073133	0	0	5458	35.160.193.188
5	1	0	0	0	27065934	0	0	27065934	0	0	0	34.213.106.206
5	1	1	0	0	27068670	0	0	27068670	0	0	4697	159.69.158.5
5	2	0	0	0	27073114	0	0	27073114	0	0	48	77.88.5.57
5	1	0	0	0	27067228	0	0	27067228	0	0	24	170.249.212.82
5	0	0	0	1	0	0	27067361	0	0	27067361	0	176.96.139.202
5	1	1	0	0	27076015	0	0	27076015	0	0	5447	34.212.15.80
5	1	1	0	0	27066782	0	0	27066782	0	0	4099	91.50.92.161
5	1	1	0	0	27073114	0	0	27073114	0	0	5458	77.88.5.104
5	56	2	0	4	27072027	0	27072027	27072027	0	27072027	2842658	188.229.94.184
5	2	1	0	0	27065790	0	0	27065790	0	0	7032	176.9.8.180
5	1	1	0	0	27065932	0	0	27065932	0	0	4099	35.162.74.245
5	2	2	0	0	27072825	0	0	27072824	0	0	79192	34.222.88.136
5	101	5	1	15	27074562	27074561	27074561	27074559	27074561	27074559	3912929	89.199.215.90
5	11	0	0	9	27065194	0	27065194	27065181	0	27065181	122	10.10.10.207
5	1	1	0	0	27077297	0	0	27077297	0	0	5639	129.132.105.28
5	0	0	0	1	0	0	27065551	0	0	27065551	0	88.198.141.244
5	53	2	0	4	27070797	0	27070797	27070797	0	27070797	2581973	151.242.195.13
5	303	21	22	127	27074599	27074598	27074599	27066963	27067113	27066963	17548116	151.106.10.36
5	511	15	1	75	27075451	27074572	27075451	27074356	27074572	27074356	26059676	5.74.54.157
z	0	2473	59	27077258	0
z	2	53	0	27077258	1870
z	3	425	0	27077259	288623
z	4	1588	228	27077297	6474032
z	5	2200	3	27077264	96422153
z	6	457	0	27077260	93930241
z	7	163	0	27077263	252970827
c	200	5025	27077297
c	206	19	27067018
c	302	103	27077261
c	304	2315	27077258
c	403	1	27065298
c	404	798	27077264
c	499	6	27067197
c	500	70	27077262
c	503	1	27065192
